# Created by Octave 4.0.0, Sun Oct 21 17:16:17 2018 PDT <alex@alex-ubuntu-lap>
# name: tdata
# type: matrix
# rows: 1303
# columns: 3
 6.069494109751076 6.044057950587127 1
 5.935985979665076 5.990870822428025 1
 5.989314901857574 5.956490175658384 1
 5.973707086034246 5.907677497066699 1
 6.006725218774016 6.124801093885794 1
 5.999273612112217 6.158351116156192 1
 5.864077179698204 6.121456008086976 1
 6.026237122607817 5.976643820018276 1
 6.10607205957125 5.889125400038907 1
 5.893882853896791 6.130359227243844 1
 6.149964197123506 6.01038497476319 1
 6.006907073077474 5.777909846058148 1
 6.168540997309483 6.056789449392418 1
 6.012709245516862 6.095833399939845 1
 6.049219175427037 5.884015345066081 1
 6.040791065468365 5.949554828403404 1
 5.74444129286907 5.972053795148169 1
 6.100321759594224 6.043337093389814 1
 5.821189991192758 6.053714143454602 1
 6.108066789615343 5.956790750416298 1
 6.004523984087266 5.988441721529448 1
 6.11530376034547 5.820626782525263 1
 6.140815146668458 6.261275146215779 1
 6.109350887524896 6.191542141611529 1
 6.095111212689025 6.013054213923664 1
 6.013818988629819 6.151203612723829 1
 5.987318440824103 6.060059679055559 1
 6.012447129437964 6.043816749810532 1
 6.065533727017455 5.965778600645064 1
 5.997024673682659 6.034312409778358 1
 8.356706916988475 8.304269410767427 2
 8.744246765447997 9.233057288317584 2
 7.892206291703215 8.625893548939759 2
 7.253897540946952 8.207463122648502 2
 8.967144148673615 8.026689676257009 2
 7.664267417138938 8.220937398067631 2
 7.83793389124239 7.841263656049645 2
 8.260697910324918 8.51218648061084 2
 7.546982111830338 7.621703414309221 2
 7.80071154944714 7.194556917603476 2
 8.33881956547946 8.077635661449598 2
 8.36265691719611 9.08613203695589 2
 7.577613550822247 8.665198951363188 2
 6.890014191508159 7.323225969438368 2
 7.96372401146231 7.983892172434083 2
 7.270361849147133 7.216484318195512 2
 7.812164740002705 8.894838228275942 2
 7.327920062834915 7.497372980145237 2
 7.64440401703173 8.681493462060939 2
 8.846433822601856 8.107178678658997 2
 8.854646800191629 7.037407030711667 2
 7.602496415454325 7.703399429679294 2
 7.459711978614099 7.756010571126884 2
 7.925348240128349 6.451026369504556 2
 7.880726196422454 7.896040673303343 2
 8.118035930617378 7.863827889045272 2
 8.98932255475291 7.567145849839834 2
 8.104123560708965 9.362040498791307 2
 7.800453292012093 8.00326469853125 2
 8.979293834645642 7.21586933290476 2
 8.764777725191996 8.55395961849425 2
 8.390365410769007 8.458002571532667 2
 7.844456628575286 8.44521748589986 2
 8.266815831409271 7.773937926953193 2
 8.747266460425353 7.751027309610762 2
 8.795374586247879 8.424764349901062 2
 7.973092256560665 7.47486934652636 2
 8.083526531770261 8.040124351100676 2
 7.290909087900915 7.807122041962161 2
 8.454848051573318 7.649840947963263 2
 7.250812122790243 7.646562472091485 2
 7.477680285253258 7.062056772551495 2
 8.102730858787215 7.498304039345591 2
 8.053949090956882 7.356159508501523 2
 7.621360346956934 7.071336968414941 2
 8.892944943689919 8.910050587202271 2
 7.919690323094872 6.872908806377595 2
 7.56929148277569 7.299203547235613 2
 7.740549842870621 8.035001798134026 2
 7.554517388660784 7.832327973657531 2
 8.620107472677095 8.333504642846117 2
 8.083966062064242 7.888905166626317 2
 8.048120673006334 7.043937143689352 2
 7.701253535767753 8.237987221373233 2
 7.927196863052578 7.739437536515792 2
 7.082050562176796 7.333784892633849 2
 8.96946570573682 8.132471848025908 2
 6.993620667444915 7.68200768192207 2
 9.052336468927997 7.292532078447695 2
 8.217773031378984 7.505260443598916 2
 8.241467231521066 7.332262838234396 2
 8.711376843082387 8.053349254839603 2
 8.670764663363377 8.228481130561978 2
 8.050759159997764 6.872399721861267 2
 9.506120851656325 8.111745751643808 2
 7.401358063215125 7.871682056200545 2
 6.793275528169677 8.148281939969962 2
 7.048696838610419 8.290257854491593 2
 8.770515628949266 7.12750521506232 2
 7.617034599352683 8.779212197858644 2
 8.476550968837586 7.780557958145828 2
 8.532861671833718 8.61719279337896 2
 8.090415289639736 7.564312134975437 2
 7.866510894833497 7.881994917719332 2
 8.972228541994809 8.635808327936484 2
 7.992085644279139 9.302867363947431 2
 7.894090072166357 7.800319664065983 2
 7.267245232768299 7.276708820962055 2
 6.34459863506355 8.443056979902838 2
 7.980177015711948 7.479892403792528 2
 7.569376525462115 8.935706815091004 2
 7.651061492249843 8.256016232214199 2
 7.496455160581537 8.400815056045564 2
 8.023288079605134 8.8315090283999 2
 8.917239617359154 6.807325427769518 2
 8.532792175307073 8.471941844233925 2
 8.74520318631286 8.393776750089186 2
 8.472552187609187 8.186664093734368 2
 6.885622597137254 7.527261956636374 2
 8.35074716777515 7.365808724958066 2
 7.315866584730455 7.53225239650219 2
 7.852761383738996 8.384731159334132 2
 8.319560336574488 7.609257995686287 2
 8.237762830567942 8.252642463316288 2
 7.403073870258147 8.423609668526275 2
 7.746398245567494 7.818121545267052 2
 7.940567374380333 8.73855087409183 2
 7.181802843566831 7.52145739782435 2
 6.418173247050875 8.073086003639995 2
 8.228508875477534 8.823131187026672 2
 7.417382548617133 8.645309486767013 2
 7.56999377325058 8.109038662244375 2
 7.03692792863473 7.182173656112612 2
 7.58407251775358 8.160575965928707 2
 7.303254671023677 7.549554974945047 2
 7.671239055196169 8.123368304192629 2
 7.013635590088763 6.927316636181378 2
 6.655869653452898 8.4766658235023 2
 8.160779555624906 8.686574349943967 2
 6.897941393898282 7.586979312248446 2
 8.199026564556322 8.786922220621564 2
 7.098147162255692 8.944360803205166 2
 8.147151424238933 8.502134586429264 2
 7.106888658165214 7.857247197341366 2
 7.889384320326775 8.403911148686094 2
 8.627649182872796 8.451433085149938 2
 7.856980387322833 7.490723296785253 2
 8.701642245283697 7.59920780415573 2
 7.917588282882532 8.403682106018966 2
 7.683173861437439 7.957208041365268 2
 6.084812081368059 7.571577076682543 2
 8.299220464221978 7.369278440476136 2
 8.772960785016641 7.790071160525819 2
 6.460177056806383 8.360128119338601 2
 7.829603495964803 8.168721757287523 2
 7.770970404695868 8.310913341223484 2
 7.888699265034122 6.890649339412311 2
 7.595861033179491 7.630466467089545 2
 7.477637329221363 8.988819014410121 2
 8.753147119303232 7.372662199148765 2
 8.167544204767589 8.491045787062689 2
 7.685373888080771 9.237914255920508 2
 8.475667576682124 8.386649647641997 2
 7.699841952983306 8.225164482695709 2
 7.831575035985149 8.247375646229997 2
 8.444959784214802 7.512432217240192 2
 8.454515849751498 7.766462818786454 2
 7.444346968695438 7.404483337487383 2
 7.586796604052302 8.467833322112345 2
 8.382227306335292 8.224886647716849 2
 7.888165003177848 8.680025002307698 2
 8.891515582981622 8.644559951206221 2
 7.585688789968541 7.856003810371233 2
 7.275788047625997 8.344172506806355 2
 7.921051741511032 7.550693889848926 2
 7.044556035864409 7.987668746298816 2
 6.743088616158536 8.040861812797683 2
 8.708587100787598 9.233082747358109 2
 6.623503919857966 8.60037288825095 2
 8.814037977866992 7.662832057031728 2
 7.726124127466483 7.568433765556763 2
 7.068522869158659 6.73968657408426 2
 8.323471947845183 8.562450576176479 2
 8.037438503925708 7.919044151089418 2
 8.366616044886181 9.041338922451112 2
 7.67116838467733 7.508541859348806 2
 6.844612373922415 7.612559424360174 2
 8.825087683626915 7.297997853978778 2
 7.4166079796226 7.717561221912311 2
 9.468193800082789 7.736177692013557 2
 9.024483506433672 8.180840770825704 2
 7.20553820197132 7.337643562156237 2
 8.725121471186279 7.821330475852372 2
 8.430598450854289 7.632404161949307 2
 7.698745766662978 8.341225696685514 2
 8.100191576790023 8.369861984358279 2
 8.073898436648214 7.912373119919358 2
 7.913396068302114 7.446637525905207 2
 8.617810762848348 8.985339025032637 2
 8.255500555340173 9.126857524773531 2
 8.585268633147559 7.572261487169389 2
 8.859650481821554 8.872692246074294 2
